/usr/local/lib/python3.5/dist-packages/tradingene/data/__cached_history__/btcusd.csv
20180401000000
https://candles.tradingene.com/candles?instrument_id=18&from=20180102124315000&to=20180331235900000
/usr/local/lib/python3.5/dist-packages/tradingene/data/__cached_history__/btcusd.csv
20180401000000
https://candles.tradingene.com/candles?instrument_id=18&from=20180101110000000&to=20180331235900000
20180401000000
20180401000000
File, Ticker, Timeframe, Profit/Loss, Trades Num., Good, Bad, Profit Factor, Profit Factor(%), Reward/Risk, Sharpe, Lost Profit, Num. Stds in Average Trade
data/abgar/btc/1a.csv, btcusd, 60, 10535.620000, 135, 61, 74, 1.659350, 1.645618, 0.643267, 2.074950, 41085.830000, 0.161420
20180102124400
data/abgar/btc/2a.csv, btcusd, 15, 11925.490000, 129, 65, 64, 1.790120, 1.773861, 0.887293, 1.302934, 35382.140000, 0.177928
20180101110000
data/abgar/btc/3a.csv, btcusd, 15, 6737.800000, 72, 30, 42, 1.595349, 1.450090, 0.556093, 1.584859, 22044.230000, 0.147518
20180101110000
data/abgar/btc/4a.csv, btcusd, 15, 4238.720000, 151, 65, 86, 1.528800, 1.428969, 1.034528, 1.943379, 23905.010000, 0.144621
data/abgar/eth/1a.csv, ethusd, 60, 957.811000, 136, 61, 75, 1.617596, 1.561604, 0.711013, 2.059958, 4126.803000, 0.138371
20180102020300
data/abgar/eth/2a.csv, ethusd, 15, 1152.220000, 146, 67, 79, 1.692219, 1.626034, 0.611222, 2.167232, 3362.583000, 0.155253
20180101083000
data/abgar/eth/3a.csv, ethusd, 15, 556.190000, 66, 30, 36, 1.483219, 1.397394, 0.637363, 2.209760, 1773.431000, 0.111796
20180101083000
data/abgar/eth/4a.csv, ethusd, 15, 454.942000, 156, 72, 84, 1.550722, 1.611785, 0.937109, 1.299469, 2454.326000, 0.143424
data/abgar/rts/1a.csv, rts, 60, 24974.000000, 58, 30, 28, 1.852471, 1.759596, 0.963577, 1.710612, 75412.000000, 0.175150
20180105143600
data/abgar/rts/2a.csv, rts, 15, 13530.000000, 40, 17, 23, 1.424724, 1.387132, 0.400592, 0.432578, 53234.000000, 0.106124
20180103181500
data/abgar/rts/3a.csv, rts, 15, -2124.000000, 17, 9, 8, 0.928209, 0.906044, -0.098466, -1.883365, 32961.000000, -0.025734
20180103181500
data/abgar/rts/4a.csv, rts, 15, 5894.000000, 48, 20, 28, 1.272795, 1.275567, 0.737580, -0.251357, 29512.000000, 0.066821
data/abgar/si/1a.csv, si, 60, 7805.000000, 56, 27, 29, 2.200954, 2.193126, 0.957199, 0.805831, 20691.000000, 0.187789
20180109073000
data/abgar/si/2a.csv, si, 15, 2672.000000, 38, 17, 21, 1.235959, 1.250698, 0.331349, -0.926710, 15580.000000, 0.063268
20180105070000
data/abgar/si/3a.csv, si, 15, 11784.000000, 19, 13, 6, 4.199566, 4.203204, 1.950348, 0.903438, 10059.000000, 0.427575
20180105070000
data/abgar/si/4a.csv, si, 15, 4874.000000, 51, 23, 28, 2.354265, 2.315039, 1.217587, 0.349662, 11805.000000, 0.165671
20180101110000
File, Ticker, Timeframe, Profit/Loss, Trades Num., Good, Bad, Profit Factor, Profit Factor(%), Reward/Risk, Sharpe, Lost Profit, Num. Stds in Average Trade
data/abgar/btc/1.csv, btcusd, 60, 3898.510000, 175, 63, 112, 1.476881, 1.446184, 0.616160, 2.491595, 17298.820000, 0.125000
20180101110000
data/abgar/btc/2.csv, btcusd, 15, 2381.910000, 313, 111, 202, 1.200884, 1.161266, 0.263074, 3.031683, 20490.220000, 0.046842
20180101110000
data/abgar/btc/3.csv, btcusd, 15, 3995.480000, 156, 59, 97, 1.509913, 1.528668, 0.707804, 2.545371, 14449.140000, 0.105748
20180101110000
data/abgar/btc/4.csv, btcusd, 15, 2722.770000, 319, 106, 212, 1.356115, 1.410482, 0.878480, 2.516443, 16203.350000, 0.084163
20180101083000
data/abgar/eth/1.csv, ethusd, 60, 338.312000, 171, 63, 108, 1.614433, 1.539014, 0.829381, 2.163891, 1267.335000, 0.149803
20180101083000
data/abgar/eth/2.csv, ethusd, 15, 234.115000, 288, 101, 187, 1.277955, 1.240165, 0.504193, 1.984584, 1519.891000, 0.068364
20180101083000
data/abgar/eth/3.csv, ethusd, 15, 357.134000, 152, 51, 101, 1.710638, 1.732840, 0.787471, 2.326977, 1055.914000, 0.131439
20180101083000
data/abgar/eth/4.csv, ethusd, 15, 221.650000, 334, 112, 222, 1.356025, 1.365472, 0.818718, 2.352910, 1310.103000, 0.083702
20180103181500
data/abgar/rts/1.csv, rts, 60, 7668.000000, 76, 33, 43, 1.174487, 1.176005, 0.252353, 0.628276, 77501.000000, 0.061775
20180103181500
data/abgar/rts/2.csv, rts, 15, 25956.000000, 62, 29, 33, 1.609782, 1.582417, 0.686703, 2.152707, 62668.000000, 0.180133
20180103181500
data/abgar/rts/3.csv, rts, 15, 9050.000000, 35, 16, 19, 1.226261, 1.194323, 0.398012, 0.122306, 46128.000000, 0.076159
20180103181500
data/abgar/rts/4.csv, rts, 15, 4086.000000, 82, 38, 44, 1.144239, 1.130507, 0.312576, 0.596465, 45985.000000, 0.051157
20180105070000
data/abgar/si/1.csv, si, 60, 7060.000000, 66, 24, 42, 1.576986, 1.581318, 1.071645, 1.269984, 22388.000000, 0.145396
20180105070000
data/abgar/si/2.csv, si, 15, 4315.000000, 59, 26, 33, 1.279306, 1.291173, 0.416345, 0.796777, 19614.000000, 0.089180
20180105070000
data/abgar/si/3.csv, si, 15, 7110.000000, 39, 20, 19, 1.711071, 1.729509, 0.682407, 1.037779, 17748.000000, 0.197380
20180105070000
data/abgar/si/4.csv, si, 15, -215.000000, 91, 34, 57, 0.978891, 0.984227, -0.037430, -0.166575, 15884.000000, -0.007986
20180101110000
data/ivan/tr_decis_n_0_e_288.csv, btcusd, 15, 2807.580000, 496, 362, 134, 1.173199, 1.167966, 0.128593, 1.650093, 12081.210000, 0.053444
20180101110000
data/ivan/tr_decis_n_0_e_330.csv, btcusd, 15, 2797.890000, 538, 389, 149, 1.158538, 1.149903, 0.126895, 1.099949, 12795.970000, 0.049605
20180101110000
data/ivan/tr_decis_n_0_e_369.csv, btcusd, 15, 1258.410000, 564, 403, 161, 1.065386, 1.056367, 0.056388, 0.226779, 13062.460000, 0.021527
20180101110000
data/ivan/tr_decis_n_1_e_362.csv, btcusd, 15, 4517.660000, 539, 400, 139, 1.259700, 1.258988, 0.202585, 1.687103, 12998.220000, 0.079376
20180101110000
data/ivan/tr_decis_n_1_e_491.csv, btcusd, 15, 5639.080000, 553, 418, 135, 1.333310, 1.339102, 0.251888, 2.068746, 12745.260000, 0.097566
20180101110000
data/ivan/tr_decis_n_1_e_497.csv, btcusd, 15, 4112.320000, 518, 388, 130, 1.249835, 1.242511, 0.185234, 1.561689, 12594.930000, 0.075002
20180101110000
data/ivan/tr_decis_n_2_e_266.csv, btcusd, 15, 3883.560000, 334, 237, 97, 1.377476, 1.410765, 0.269599, 1.158838, 8111.670000, 0.084476
20180101110000
data/sava/14151.csv, btcusd, 15, 188.700000, 2153, 1154, 998, 1.001442, 0.995760, 0.003074, -0.554829, 58739.280000, 0.000652
20180101001500
data/ivan/val_decis_n_0_e_288.csv, btcusd, 15, -636.400000, 5, 4, 1, 0.259656, 0.258063, -2.442994, 1.986509, 74.600000, -0.346401
20180101001500
data/ivan/val_decis_n_0_e_330.csv, btcusd, 15, -1491.300000, 24, 15, 9, 0.281041, 0.280923, -1.277038, -0.934053, 394.000000, -0.308509
20180101001500
data/ivan/val_decis_n_0_e_369.csv, btcusd, 15, -695.100000, 21, 14, 7, 0.485283, 0.505073, -0.879439, -0.657720, 949.670000, -0.168490
20180101001500
data/ivan/val_decis_n_1_e_491.csv, btcusd, 15, -219.500000, 9, 6, 3, 0.410738, 0.412225, -0.559663, -0.095165, 174.940000, -0.227366
20180101001500
data/ivan/val_decis_n_1_e_497.csv, btcusd, 15, -350.100000, 4, 2, 2, 0.155775, 0.154543, -1.763728, 1.677169, 136.740000, -0.478920
20180101001500
data/ivan/val_decis_n_2_e_266.csv, btcusd, 15, -572.500000, 8, 7, 1, 0.439769, 0.502128, -0.709752, -0.436932, 217.100000, -0.196895
data/ivan/val_decis_n_0_e_330.csv, btcusd, 15, -1491.300000, 24, 15, 9, 0.281041, 0.280923, -1.277038, -0.934053, 394.000000, -0.308509
data/ivan/val_decis_n_1_e_491.csv, btcusd, 15, -219.500000, 9, 6, 3, 0.410738, 0.412225, -0.559663, -0.095165, 174.940000, -0.227366
data/ivan/val_decis_n_1_e_497.csv, btcusd, 15, -350.100000, 4, 2, 2, 0.155775, 0.154543, -1.763728, 1.677169, 136.740000, -0.478920
data/ivan/val_decis_n_2_e_266.csv, btcusd, 15, -572.500000, 8, 7, 1, 0.439769, 0.502128, -0.709752, -0.317142, 217.100000, -0.196895
data/ivan/val_decis_n_0_e_330.csv, btcusd, 15, -1491.300000, 24, 15, 9, 0.281041, 0.280923, -1.277038, -0.934053, 394.000000, -0.308509
data/ivan/val_decis_n_0_e_330.csv, btcusd, 15, -1491.300000, 24, 15, 9, 0.281041, 0.280923, -1.277038, -0.934053, 394.000000, -0.308509
data/ivan/val_decis_n_1_e_491.csv, btcusd, 15, -219.500000, 9, 6, 3, 0.410738, 0.412225, -0.559663, -0.095165, 174.940000, -0.227366
data/ivan/val_decis_n_1_e_497.csv, btcusd, 15, -350.100000, 4, 2, 2, 0.155775, 0.154543, -1.763728, 1.677169, 136.740000, -0.478920
data/ivan/val_decis_n_2_e_266.csv, btcusd, 15, -572.500000, 8, 7, 1, 0.439769, 0.502128, -0.709752, -0.317142, 217.100000, -0.196895
data/ivan/val_decis_n_0_e_288.csv, btcusd, 15, -636.400000, 5, 4, 1, 0.259656, 0.258063, -2.442994, 1.986509, 74.600000, -0.346401
data/ivan/val_decis_n_0_e_330.csv, btcusd, 15, -1491.300000, 24, 15, 9, 0.281041, 0.280923, -1.277038, -0.934053, 394.000000, -0.308509
data/ivan/val_decis_n_0_e_330.csv, btcusd, 15, -1491.300000, 24, 15, 9, 0.281041, 0.280923, -1.277038, -0.934053, 394.000000, -0.308509
data/ivan/val_decis_n_1_e_491.csv, btcusd, 15, -219.500000, 9, 6, 3, 0.410738, 0.412225, -0.559663, -0.095165, 174.940000, -0.227366
data/ivan/val_decis_n_1_e_497.csv, btcusd, 15, -350.100000, 4, 2, 2, 0.155775, 0.154543, -1.763728, 1.677169, 136.740000, -0.478920
data/ivan/val_decis_n_2_e_266.csv, btcusd, 15, -572.500000, 8, 7, 1, 0.439769, 0.502128, -0.709752, -0.317142, 217.100000, -0.196895
data/ivan/val_decis_n_0_e_330.csv, btcusd, 15, -1491.300000, 24, 15, 9, 0.281041, 0.280923, -1.277038, -0.934053, 394.000000, -0.308509
data/ivan/val_decis_n_1_e_491.csv, btcusd, 15, -219.500000, 9, 6, 3, 0.410738, 0.412225, -0.559663, -0.095165, 174.940000, -0.227366
data/ivan/val_decis_n_1_e_497.csv, btcusd, 15, -350.100000, 4, 2, 2, 0.155775, 0.154543, -1.763728, 1.677169, 136.740000, -0.478920
data/ivan/val_decis_n_2_e_266.csv, btcusd, 15, -572.500000, 8, 7, 1, 0.439769, 0.502128, -0.709752, -0.317142, 217.100000, -0.196895
data/ivan/val_decis_n_0_e_288.csv, btcusd, 15, -636.400000, 5, 4, 1, 0.259656, 0.258063, -2.442994, 1.986509, 74.600000, -0.346401
data/ivan/val_decis_n_1_e_491.csv, btcusd, 15, -219.500000, 9, 6, 3, 0.410738, 0.412225, -0.559663, -0.095165, 174.940000, -0.227366
data/ivan/val_decis_n_1_e_497.csv, btcusd, 15, -350.100000, 4, 2, 2, 0.155775, 0.154543, -1.763728, 1.677169, 136.740000, -0.478920
