Ticker, Timeframe, File Name (train), Profit/Loss, Trades Num., Good, Bad, Profit Factor, Profit Factor(%), Sharpe, Reward/Risk, Lost Profit, File Name (test), Profit/Loss, Trades Num., Good, Bad, Profit Factor, Profit Factor(%), Sharpe, Reward/Risk, Lost Profit
btcusd, 15, tr_decis_n_19_e_484.csv, 1433.060000, 581, 405, 176, 1.073591, 1.078285, 1.861800, 0.064294, 13209.070000, val_decis_n_19_e_484.csv, -874.900000, 5, 3, 2, 0.084641, 0.089932, -0.035562, -3.883267, 117.600000
btcusd, 15, tr_decis_n_23_e_485.csv, 1663.000000, 542, 397, 145, 1.097406, 1.092712, 1.255137, 0.079226, 12768.570000, val_decis_n_23_e_485.csv, 13.600000, 1, 1, 0, 100.000000, 100.000000, nan, 0.489209, 58.700000
btcusd, 15, tr_decis_n_21_e_245.csv, 1069.460000, 400, 295, 105, 1.070453, 1.060467, -0.254544, 0.054469, 9707.270000, val_decis_n_21_e_245.csv, -800.700000, 2, 1, 1, 0.082082, 0.092621, -1.414117, -2.858622, 125.720000
btcusd, 15, tr_decis_n_11_e_456.csv, 1126.420000, 527, 393, 134, 1.060617, 1.052837, -0.181819, 0.054241, 12113.540000, val_decis_n_11_e_456.csv, -727.400000, 13, 8, 5, 0.231566, 0.242711, -1.133760, -0.616796, 271.330000
btcusd, 15, tr_decis_n_3_e_446.csv, 4112.110000, 624, 462, 162, 1.223195, 1.208557, 1.174624, 0.174782, 13886.940000, val_decis_n_3_e_446.csv, -440.800000, 10, 9, 1, 0.529261, 0.567720, 0.453741, -0.492503, 168.100000
btcusd, 15, tr_decis_n_1_e_497.csv, 4112.320000, 518, 388, 130, 1.249835, 1.242511, 1.560731, 0.185234, 12594.930000, val_decis_n_1_e_497.csv, -350.100000, 4, 2, 2, 0.155775, 0.154543, 1.677169, -1.763728, 136.740000
btcusd, 15, tr_decis_n_17_e_203.csv, 5128.320000, 527, 394, 133, 1.309260, 1.289073, 0.878445, 0.235689, 12352.140000, val_decis_n_17_e_203.csv, -982.700000, 12, 8, 4, 0.252870, 0.278267, -0.518333, -0.938748, 259.230000
btcusd, 15, tr_decis_n_11_e_293.csv, -611.380000, 539, 399, 140, 0.968382, 0.958695, -3.081028, -0.028957, 12086.630000, val_decis_n_11_e_293.csv, -607.500000, 16, 11, 5, 0.348246, 0.350685, -0.361153, -1.045233, 475.500000
btcusd, 15, tr_decis_n_12_e_270.csv, 5183.860000, 455, 340, 115, 1.353083, 1.342853, 1.717576, 0.274249, 12201.500000, val_decis_n_12_e_270.csv, 13.600000, 1, 1, 0, 100.000000, 100.000000, nan, 0.489209, 58.700000
btcusd, 15, tr_decis_n_26_e_300.csv, 1117.790000, 528, 384, 144, 1.059582, 1.043714, 0.227999, 0.051189, 12667.440000, val_decis_n_26_e_300.csv, -821.600000, 7, 3, 4, 0.086197, 0.083224, -0.759209, -2.230790, 170.640000
btcusd, 15, tr_decis_n_7_e_479.csv, 218.220000, 492, 354, 138, 1.012276, 1.003373, -0.692529, 0.010803, 12107.540000, val_decis_n_7_e_479.csv, -891.300000, 51, 39, 12, 0.651551, 0.669314, -1.557004, -0.348942, 1135.870000
btcusd, 15, tr_decis_n_1_e_491.csv, 5639.080000, 553, 418, 135, 1.333310, 1.339102, 2.069175, 0.251888, 12745.260000, val_decis_n_1_e_491.csv, -219.500000, 9, 6, 3, 0.410738, 0.412225, -0.095165, -0.559663, 174.940000
btcusd, 15, tr_decis_n_2_e_346.csv, 892.640000, 336, 244, 92, 1.071427, 1.032120, -0.488831, 0.057764, 8526.950000, val_decis_n_2_e_346.csv, -930.000000, 3, 1, 2, 0.015039, 0.017124, -1.592891, -1.334634, 86.200000
btcusd, 15, tr_decis_n_11_e_448.csv, 2051.780000, 526, 397, 129, 1.114363, 1.104664, 0.399545, 0.098005, 12122.080000, val_decis_n_11_e_448.csv, -128.000000, 9, 8, 1, 0.621861, 0.631177, 1.186464, -0.644187, 243.300000
btcusd, 15, tr_decis_n_6_e_476.csv, 4485.530000, 433, 336, 97, 1.322763, 1.301430, 0.835657, 0.256052, 10535.960000, val_decis_n_6_e_476.csv, 28.900000, 1, 1, 0, 100.000000, 100.000000, nan, 10000000000.000000, 1.200000
btcusd, 15, tr_decis_n_27_e_290.csv, 1727.500000, 607, 437, 170, 1.090043, 1.072521, 0.553421, 0.075702, 14086.380000, val_decis_n_27_e_290.csv, -417.700000, 4, 2, 2, 0.157013, 0.163784, -1.224717, -8.094961, 150.900000
btcusd, 15, tr_decis_n_25_e_455.csv, 3085.350000, 572, 413, 159, 1.168135, 1.161265, 1.175889, 0.138423, 14037.150000, val_decis_n_25_e_455.csv, -888.500000, 31, 20, 11, 0.569859, 0.624539, -0.876563, -0.555042, 698.000000
btcusd, 15, tr_decis_n_8_e_274.csv, 2249.300000, 554, 410, 144, 1.124360, 1.127844, 1.885842, 0.099046, 12572.070000, val_decis_n_8_e_274.csv, -439.640000, 21, 17, 4, 0.571405, 0.602137, -0.421807, -0.630489, 383.860000
btcusd, 15, tr_decis_n_19_e_298.csv, 3225.660000, 572, 408, 164, 1.180091, 1.166093, 1.143120, 0.144438, 13742.860000, val_decis_n_19_e_298.csv, -18.700000, 3, 2, 1, 0.682513, 0.680561, 1.000000, -0.169691, 88.300000
btcusd, 15, tr_decis_n_12_e_294.csv, 5067.920000, 518, 381, 137, 1.321964, 1.309992, 1.741724, 0.241100, 12736.760000, val_decis_n_12_e_294.csv, 13.600000, 1, 1, 0, 100.000000, 100.000000, nan, 0.489209, 58.700000
btcusd, 15, tr_decis_n_18_e_423.csv, 4267.130000, 644, 473, 171, 1.226249, 1.207932, 1.391934, 0.181879, 14221.180000, val_decis_n_18_e_423.csv, -783.100000, 7, 4, 3, 0.220563, 0.249786, -1.261973, -0.870188, 227.300000
btcusd, 15, tr_decis_n_3_e_487.csv, 4670.850000, 662, 496, 166, 1.250717, 1.244198, 1.694507, 0.194214, 13844.970000, val_decis_n_3_e_487.csv, 150.400000, 4, 4, 0, 100.000000, 100.000000, 1.000000, 0.901679, 75.700000
btcusd, 15, tr_decis_n_15_e_317.csv, 675.430000, 544, 397, 147, 1.037205, 1.028704, 0.621952, 0.029833, 12802.690000, val_decis_n_15_e_317.csv, -839.700000, 9, 6, 3, 0.197611, 0.219757, -0.318954, -0.876312, 135.600000
btcusd, 15, tr_decis_n_23_e_418.csv, 527.300000, 398, 287, 111, 1.035776, 1.029510, -1.019570, 0.030487, 9758.850000, val_decis_n_23_e_418.csv, 13.600000, 1, 1, 0, 100.000000, 100.000000, nan, 0.489209, 58.700000
btcusd, 15, tr_decis_n_6_e_410.csv, 2975.750000, 458, 344, 114, 1.183028, 1.178696, 0.978691, 0.155496, 10635.330000, val_decis_n_6_e_410.csv, 28.900000, 1, 1, 0, 100.000000, 100.000000, nan, 10000000000.000000, 1.200000
btcusd, 15, tr_decis_n_14_e_429.csv, 5412.020000, 497, 372, 125, 1.340570, 1.329747, 1.527080, 0.269333, 12103.160000, val_decis_n_14_e_429.csv, -934.400000, 25, 17, 8, 0.436253, 0.468827, -0.924012, -0.425029, 958.350000
btcusd, 15, tr_decis_n_15_e_237.csv, 763.330000, 515, 374, 141, 1.043347, 1.032596, 0.017726, 0.034517, 12677.010000, val_decis_n_15_e_237.csv, -701.800000, 12, 9, 3, 0.318111, 0.357743, -0.516646, -0.580038, 192.400000
btcusd, 15, tr_decis_n_20_e_445.csv, 4861.670000, 626, 469, 157, 1.264244, 1.246215, 0.952190, 0.209473, 13670.510000, val_decis_n_20_e_445.csv, 2.700000, 3, 2, 1, 1.072000, 1.068934, 1.000000, 0.020517, 88.300000
btcusd, 15, tr_decis_n_16_e_268.csv, 3267.480000, 582, 436, 146, 1.181989, 1.166975, 1.232618, 0.149435, 13207.480000, val_decis_n_16_e_268.csv, 650.620000, 61, 48, 13, 1.343362, 1.419895, 0.045519, 0.283296, 1418.440000
btcusd, 15, tr_decis_n_24_e_361.csv, 2876.720000, 445, 324, 121, 1.184692, 1.160359, 0.964415, 0.143505, 10883.990000, val_decis_n_24_e_361.csv, 793.000000, 10, 7, 3, 2.919167, 2.647804, 0.516642, 2.046452, 889.850000
btcusd, 15, tr_decis_n_16_e_425.csv, 1558.920000, 531, 397, 134, 1.088390, 1.070669, -0.026904, 0.070556, 12470.270000, val_decis_n_16_e_425.csv, 96.740000, 30, 23, 7, 1.065982, 1.152468, -1.032645, 0.089213, 1001.720000
btcusd, 15, tr_decis_n_29_e_321.csv, 1450.100000, 539, 393, 146, 1.083290, 1.077160, 2.098804, 0.067985, 12487.820000, val_decis_n_29_e_321.csv, -281.300000, 10, 7, 3, 0.380260, 0.379341, 0.127805, -1.068769, 213.040000
btcusd, 15, tr_decis_n_16_e_250.csv, 3520.660000, 519, 388, 131, 1.212036, 1.191898, 0.907541, 0.164274, 12293.960000, val_decis_n_16_e_250.csv, -934.160000, 11, 7, 4, 0.260645, 0.291737, -0.315479, -1.210177, 251.300000
btcusd, 15, tr_decis_n_0_e_369.csv, 1258.410000, 564, 403, 161, 1.065386, 1.056367, 0.236202, 0.056388, 13062.460000, val_decis_n_0_e_369.csv, -695.100000, 21, 14, 7, 0.485283, 0.505073, -0.657720, -0.879439, 949.670000
btcusd, 15, tr_decis_n_15_e_249.csv, 1637.450000, 505, 365, 140, 1.097536, 1.084762, 0.554618, 0.077045, 11956.700000, val_decis_n_15_e_249.csv, 638.780000, 91, 67, 24, 1.222107, 1.295261, -0.391932, 0.179621, 1835.190000
btcusd, 15, tr_decis_n_13_e_462.csv, 2980.600000, 498, 374, 124, 1.182165, 1.168118, 0.275617, 0.142545, 11171.440000, val_decis_n_13_e_462.csv, -279.400000, 5, 3, 2, 0.159699, 0.160092, 0.246013, -1.562640, 123.200000
btcusd, 15, tr_decis_n_19_e_439.csv, 957.060000, 577, 398, 179, 1.049826, 1.042446, 0.413021, 0.042919, 13292.540000